3 4 6521 11444 3312 6282 
2 5 6282 349 3340 9388 321 
2 5 6282 6334 9334 9361 11372 
1 4 6332 6402 3380 362 
1 3 6332 11245 6375 
3 4 6521 9428 6441 514 
2 5 6521 375 11219 11276 321 
3 4 6521 3499 9456 3522 
1 4 3522 9375 526 6377 
1 4 6377 6263 6325 9347 
2 3 9347 6257 6389 
3 7 6521 11505 9496 3572 6595 552 9570 
2 3 6282 3207 9496 
1 4 9347 3368 3231 11366 
1 3 6377 3271 3326 
2 4 9347 6325 6349 3326 
1 2 3326 241 
1 7 6469 6622 11346 9281 11264 11360 241 
1 2 6469 587 
3 2 6469 495 
1 3 495 6535 11388 
1 4 11388 247 309 3326 
1 6 495 6535 9509 405 3395 6377 
1 4 6469 6570 529 11494 
2 4 11494 3423 9575 11531 
3 3 11494 6444 6488 
2 4 11531 11547 11560 6488 
3 4 9517 6568 589 6488 
2 5 11531 563 3558 3530 9517 
3 2 9517 11499 
2 2 11499 708 
1 3 708 3705 692 
1 3 692 11653 9515 
2 5 9517 3530 6542 6712 3692 
1 4 3692 3679 6934 9655 
1 4 9655 11638 6693 692 
1 3 11499 3690 9655 
3 5 495 3398 9547 3524 6488 
2 4 9515 3299 571 11544 
1 3 692 9652 707 
1 4 707 3688 6725 9515 
2 4 11499 9545 11529 11544 
2 6 11544 9572 11417 11445 3397 6488 
1 5 6488 3524 6549 9524 3561 
3 4 3561 425 6487 3522 
1 3 3561 6513 564 
1 4 564 11431 9443 495 
1 4 6377 11493 3355 564 
1 4 6488 3524 11533 564 
1 4 3561 425 6582 3535 
1 3 3535 11481 514 
1 4 3535 6582 6487 3522 
2 8 11544 9416 3474 482 6524 538 6501 3535 
1 4 11372 11343 9263 362 
1 14 6521 11505 9496 537 6236 9387 9252 11260 11288 334 389 3380 6402 6332 
1 6 6332 395 3384 11312 3272 6296 
1 3 3320 327 6296 
3 16 3151 149 11068 9164 6095 6035 6086 9111 187 2999 11315 3215 11250 3358 11282 6380 
2 4 758 11710 9689 6734 
2 5 11805 3861 799 6924 9817 
1 7 6880 9765 3866 980 970 11768 11805 
2 3 6734 9686 11677 
1 4 11677 11692 6955 758 
1 3 9764 854 9824 
2 7 6906 9896 6817 3873 6966 6812 9764 
1 4 6906 6959 9889 4098 
1 2 4098 10024 
1 5 10024 10109 4065 11956 1176 
1 3 1176 11956 12038 
2 4 1176 7068 7198 4182 
1 3 4182 10009 9979 
1 2 7183 1048 
1 4 4182 7198 6744 875 
1 3 7183 1178 875 
2 5 9764 6812 6966 3954 3816 
2 4 3816 9813 11821 915 
2 7 3938 9767 6993 9785 11766 813 3816 
1 7 3816 6878 6903 3902 11852 3735 740 
1 4 885 11852 3735 740 
1 5 3938 3794 9800 9846 11825 
1 4 11825 6936 903 885 
1 6 11825 4024 3920 726 3729 11707 
1 7 11677 11840 3725 3727 3918 918 11825 
1 5 11707 6749 9703 11688 740 
1 5 6867 874 845 889 9817 
2 4 10024 1093 9903 832 
1 4 4098 1093 11884 832 
1 5 832 942 9757 6914 3938 
2 4 875 3871 3810 6948 
1 5 3945 6879 9852 6914 3938 
1 6 6906 3799 871 7213 11737 3816 
2 4 6287 6393 3260 3325 
1 3 6364 6235 394 
1 4 241 11360 11318 9335 
1 2 9335 6336 
2 4 6469 3512 9363 6241 
3 2 6241 391 
1 3 391 68 3314 
1 3 6241 6286 6336 
3 2 391 9498 
1 2 9498 3262 
1 2 3262 6598 
3 2 6598 516 
2 4 587 9522 11562 11519 
1 3 11519 13068 516 
2 4 6583 11435 11470 11494 
2 3 587 3547 11494 
1 2 9559 6583 
1 2 6560 516 
1 3 516 3576 11483 
1 3 11483 3536 11548 
1 4 11506 9534 6569 485 
2 4 11506 9561 454 11420 
1 3 11420 9500 11548 
1 2 11563 9434 
2 5 11506 9523 3549 9578 11563 
2 9 11506 9523 3549 3534 553 11521 11535 3579 6449 
2 4 512 9725 9523 11506 
2 4 3671 9492 6533 512 
2 8 11506 9523 6547 11463 3509 3495 527 9495 
2 5 3552 6572 9525 11508 9495 
2 5 3671 9492 9478 503 11465 
2 3 11465 9510 6536 
2 4 6657 655 3659 3671 
2 5 620 3626 651 669 3671 
2 7 9737 11565 595 11582 629 11596 3671 
1 5 9737 11565 595 3598 620 
2 6 6766 11702 6775 11720 9717 9737 
2 3 740 6756 743 
1 4 743 9710 6777 9737 
2 5 743 11697 11699 3749 6766 
2 6 6766 11702 6775 9734 9751 620 
2 4 9824 9853 3946 6960 
1 4 6766 943 9723 6960 
2 5 6960 9898 11877 958 11834 
2 2 11834 911 
2 3 911 3928 9909 
2 4 6788 3772 11891 9909 
2 7 11834 958 11713 762 780 3589 6613 
1 3 3594 11593 6613 
2 6 3594 9607 11576 6648 3621 620 
2 7 6960 760 11709 3754 769 9748 3594 
2 6 3594 9609 667 9644 6518 512 
2 4 6613 11794 648 3652 
2 5 3652 3669 3506 11491 11506 
2 2 3652 9642 
2 3 9642 6698 698 
2 11 11506 11518 6949 3506 9490 3533 6531 9658 6698 698 678 
2 3 678 6529 9503 
2 5 9503 1346 3629 11502 9559 
2 4 11506 11518 11549 13011 
2 5 11420 454 3402 11549 13011 
2 3 11531 11502 9559 
2 3 11516 1346 9503 
2 8 11516 5291 6545 11732 551 6949 11518 11506 
2 6 6613 3589 6784 6609 9745 6780 
2 5 6788 771 9741 11730 6780 
2 5 6780 11730 9741 776 3780 
1 4 6788 3773 6790 3780 
2 3 9620 6683 678 
2 6 3780 607 6635 636 9618 9620 
1 3 663 9638 9620 
1 3 663 11640 3692 
1 7 663 11623 6680 6678 9633 11618 673 
1 4 9515 9681 3703 9665 
1 4 9665 11651 704 11666 
1 3 9648 6690 11666 
1 5 11666 6690 9679 6687 3673 
1 5 9648 9679 9650 3684 9665 
2 6 3673 3674 6673 3657 6656 11584 
1 3 6626 628 11584 
1 5 3673 3674 6673 11595 6626 
1 3 688 3684 9665 
1 4 673 11634 3675 688 
2 6 663 11601 3641 9600 9584 3780 
2 3 603 3604 11584 
2 4 603 3776 773 3780 
2 6 673 11618 9630 11598 9598 603 
2 4 603 3776 11734 6606 
1 4 6606 6793 9582 11584 
1 4 3780 6790 9752 6606 
2 2 6606 782 
1 4 782 9924 967 925 
2 2 6788 6973 
2 2 9904 11751 
1 4 11751 6862 6875 11833 
1 3 11833 6946 6973 
1 4 9907 1616 6985 6606 
1 5 9907 9879 9750 6862 11751 
1 4 925 6926 9794 9904 
1 3 6831 9838 925 
2 4 11837 9784 6843 883 
1 4 883 6939 3966 6831 
2 3 819 11803 883 
2 2 11846 9904 
1 4 11846 923 9826 819 
2 8 9990 12066 3901 10027 3968 851 955 819 
1 2 11998 11837 
1 6 9990 12066 12098 10027 9856 11837 
1 2 4014 4159 
2 4 4159 1156 3857 10074 
1 5 11773 11874 11824 9772 6891 
2 6 383 3307 6412 9362 6345 9279 
2 4 11380 11082 161 6050 
2 10 9279 11376 9300 9410 9251 9329 9406 6397 9393 11380 
2 12 383 6331 3286 3375 3063 6188 9209 9109 11188 11082 161 6050 
1 6 9279 11376 6120 11160 11327 11215 
2 4 6296 6360 6229 9483 
2 4 9483 6342 6222 9340 
1 3 9483 3354 9262 
2 5 3320 9295 11342 11358 310 
1 4 310 7482 10323 9340 
2 5 514 573 469 9414 11542 
1 3 3583 9457 11467 
1 3 11666 6739 9692 
2 4 9692 541 3484 11539 
1 4 11539 9551 9567 3583 
1 4 11539 581 3550 3581 
1 6 9660 9690 6561 11679 541 9692 
1 6 9660 11663 9676 6720 3700 11666 
1 6 9660 6703 682 3670 9611 11581 
2 4 11581 3654 6650 9627 
1 3 6626 599 9627 
2 6 9648 9646 596 3654 6650 9627 
2 5 11581 3654 596 9646 9648 
1 5 619 3623 6670 11625 9660 
1 5 11581 624 9595 6647 619 
2 4 619 3617 11580 11586 
1 4 9606 11787 3617 619 
2 3 3601 3592 11581 
1 4 6626 11735 11564 3601 
1 5 3601 6611 984 3974 3924 
2 4 3882 11832 9906 9602 
1 4 9602 6634 11583 11586 
1 4 3882 3833 3526 11818 
2 9 4109 3988 1109 976 863 6930 3844 10163 11818 
2 5 9602 11887 11868 965 949 
1 8 949 3971 3952 3819 6842 9769 649 9783 
2 4 949 3908 3937 6923 
2 6 9833 6895 3893 11905 9862 6923 
2 2 3663 9617 
1 4 657 6677 11603 9617 
1 9 9548 6761 744 3741 6747 9701 11652 9651 3663 
1 8 3663 3636 3639 637 3645 11657 3649 9606 
1 9 3663 660 6695 6709 11639 676 11622 693 6711 
1 3 6711 3709 3696 
2 6 3696 11644 699 6716 716 9660 
1 3 746 713 3696 
1 5 3581 6586 11691 3548 746 
1 2 6314 3288 
1 3 9483 3354 6314 
1 4 6332 11265 348 3288 
2 7 9340 9240 9317 11291 3074 496 3152 
2 5 3152 11426 11127 11443 4640 
1 7 4640 126 3120 181 11080 6174 3151 
1 4 11105 6108 9194 3083 
1 4 3151 3060 9100 9206 
1 5 9206 6082 11056 9183 9073 
1 6 9073 67 9167 6144 9129 11105 
1 4 11370 277 6340 3320 
2 9 362 3380 3351 6347 6321 9290 6567 524 3544 
2 7 6558 17 11515 493 9508 9400 3544 
1 8 6558 388 11232 279 3324 389 3380 362 
1 2 11467 6464 
1 3 6464 13205 9427 
2 5 9427 11430 6416 467 3544 
1 3 6464 9567 3583 
2 8 9427 11413 3410 6499 6522 3434 9468 11479 
2 6 11479 9558 422 11441 6546 3392 
1 5 3544 524 402 9544 3392 
1 4 3501 13070 11333 6103 
1 4 9458 507 9239 6103 
1 7 540 3463 9484 6351 11471 9239 6103 
1 4 3369 11471 9239 6103 
1 5 6103 9239 6221 6270 9297 
1 3 3369 7239 9297 
3 4 6103 11374 221 271 
1 3 9297 11345 9315 
1 7 6103 11221 296 9322 364 11382 9315 
1 3 3369 6378 377 
1 6 377 3241 6301 3301 3205 6384 
1 4 9315 11382 9269 11297 
1 5 6384 6335 6399 11332 11218 
1 4 351 11299 11378 9392 
1 5 11218 9350 9237 6395 3273 
1 3 9392 9383 3273 
1 5 3273 9383 6300 3150 11136 
1 5 3273 9383 159 11306 9075 
1 4 3379 3242 3359 11293 
1 3 3379 3242 385 
2 7 7394 9284 6313 9310 303 3342 11293 
2 3 3392 11247 11301 
2 6 11301 11357 11386 266 395 6332 
1 4 11301 347 13206 3393 
1 3 3320 9274 3393 
1 4 11370 11216 9236 9304 
2 5 11301 347 318 3309 9304 
2 6 11399 3559 3521 12562 524 3544 
1 4 11399 6580 536 11479 
1 6 3458 3559 3521 12562 524 3544 
1 7 310 6459 3219 6326 6249 9323 11241 
2 4 11241 323 6293 11234 
1 8 11202 11097 3053 6139 181 11080 6174 3151 
1 10 11234 9331 320 9234 11109 117 6197 79 6174 3151 
1 6 11349 11326 366 3358 11282 6380 
1 5 11349 6264 3235 9287 11234 
2 4 11370 294 11322 3331 
1 4 3331 11220 11290 306 
1 3 11241 9241 3331 
1 2 3331 9289 
1 8 383 295 11070 69 147 3007 11184 6115 
1 7 9096 6151 9036 3094 9204 9103 6115 
1 9 6115 11078 9157 27 11037 3059 9170 6145 122 
1 4 11028 9157 11078 6115 
1 5 11028 9227 11206 9139 3022 
1 3 192 6055 101 
1 7 101 3095 11155 9226 9186 3104 9108 
1 11 9108 6083 6161 9220 11067 118 11185 6063 130 205 3108 
1 10 6050 9149 3182 11091 9117 49 9051 125 9035 3108 
1 4 9197 11068 149 3151 
1 7 9197 70 11059 11153 6057 90 11159 
1 10 11159 9118 3033 11092 155 11175 6021 94 9195 3189 
1 9 3189 86 3008 9162 3121 6181 9201 11117 3134 
1 8 11105 9129 11172 3025 6138 9038 6013 3122 
1 5 9073 11138 9056 9163 141 
1 10 11202 415 592 9485 6408 308 11291 9317 9240 9340 
2 10 306 3362 6387 9272 11254 335 401 3327 3391 6380 
2 4 11370 216 386 3350 
2 2 6373 3350 
1 3 6373 6344 9288 
2 3 9289 3378 6373 
2 7 6373 6319 9249 3507 9568 441 6593 
2 9 6593 3470 11543 6435 572 513 422 6580 11399 
2 7 11479 491 11427 438 462 6429 476 
2 4 476 11464 11514 6593 
1 5 11479 6483 11411 11550 9548 
2 6 476 9423 9576 754 741 11670 
2 5 476 9481 11490 504 525 
2 8 3686 705 3722 568 737 3573 588 11405 
1 2 11405 11437 
2 9 11437 6423 6451 3452 458 11438 9465 504 525 
2 6 11437 453 472 3449 3466 6474 
2 4 6474 6493 9430 9417 
2 6 9417 585 3587 3765 3752 3734 
1 4 3734 9696 3760 719 
1 3 3672 3682 3668 
2 6 7661 7495 4458 7624 4463 3668 
2 6 3653 772 654 9626 1530 1599 
1 9 1599 11708 1539 11674 11645 4477 4614 1536 7661 
2 13 3672 9647 685 11633 714 9691 9694 735 9709 6781 3587 585 9417 
2 2 413 3527 
2 10 9417 11434 11450 11459 3519 3540 6591 11412 11475 3527 
2 6 6474 3479 502 6530 3531 418 
2 7 3527 9552 9489 11439 3409 9556 418 
1 5 418 9449 3492 558 3580 
1 4 11504 3557 11397 418 
2 7 525 11557 9543 11530 9519 559 11504 
2 4 525 11557 6458 11489 
2 5 9288 546 9506 3480 11489 
2 7 11489 6508 9566 3225 288 3306 3335 
2 9 3335 6252 11284 11235 11300 3263 6348 6414 6380 
2 4 3580 9260 9328 9355 
2 5 9355 9411 11242 3292 6262 
2 6 6262 6396 6290 9348 6414 6380 
2 3 413 6341 6398 
2 4 6398 6230 6279 3356 
2 7 3356 9330 11268 9282 9348 6414 6380 
2 6 3578 3426 9460 433 11408 9422 
2 7 6398 6369 9339 9312 11436 471 9422 
2 6 121 252 6356 9278 9378 6380 
2 7 121 9122 11099 2 9168 2996 9131 
2 4 9197 70 11174 3140 
2 9 3140 172 9107 3163 11083 81 9207 11189 9131 
2 12 6380 301 11362 6316 378 280 3370 3268 6392 6295 6299 11375 
2 3 11344 3303 11375 
2 11 6380 301 3290 9235 11217 214 3339 6362 6410 9407 11344 
2 7 9422 313 3304 6353 6382 9409 9258 
2 6 9258 9286 6391 11262 11394 11344 
2 9 11344 11277 3352 6374 6253 9373 11356 11243 6338 
2 11 9258 9286 11269 3317 286 3276 6302 6226 6275 9243 11225 
2 8 11225 11348 393 3357 3330 6515 9420 12128 
2 8 11225 11377 11256 3265 4324 4283 1305 1278 
2 6 1278 12117 10142 10329 12157 9292 
2 5 9292 1233 12287 10133 1821 
2 7 12128 3563 4322 1254 4294 7370 10253 
2 7 7243 4300 4374 4227 1314 12294 10253 
2 7 6338 260 9336 3251 3300 6388 6278 
2 11 6278 7403 206 1380 10286 10314 361 3280 7320 10133 1821 
2 7 7375 11228 237 3280 7320 10133 1821 
2 10 7375 11352 7346 12203 9293 370 3027 3139 272 6124 
2 13 9131 2996 11143 143 3135 9200 11075 73 3066 3103 6089 9214 6124 
1 5 7477 7563 4599 12491 12333 
2 5 3951 6808 9806 11784 11747 
1 4 3951 6871 11811 11829 
2 3 9878 3983 3951 
1 6 9878 3876 11860 940 9755 6807 
1 6 6807 9763 9830 961 6956 11746 
2 5 1821 9553 1543 10189 4824 
2 3 9292 1327 1292 
1 3 3325 3277 399 
1 3 3325 3277 6364 
1 3 11366 332 399 
2 8 1292 1775 1294 12521 4780 7800 1709 10696 
2 8 4824 7846 7774 3472 10600 12652 4700 10696 
2 6 10696 12679 1733 1860 7825 7274 
2 9 1459 10148 10366 12397 7597 12329 7657 7600 7243 
2 5 1459 11687 7682 7501 1554 
1 6 12333 8099 10414 1649 10470 1554 
2 8 7274 4866 7757 12631 7886 10712 10639 12691 
1 8 12691 12621 1876 1813 10549 10661 12540 4797 
2 10 4797 1762 4837 10528 4766 12507 7860 10683 7786 4677 
2 9 957 6989 11750 6684 664 6686 11643 10466 12189 
2 6 7642 4434 4621 1425 4406 7381 
1 5 7642 10135 12293 4390 4608 
2 5 12299 4424 7427 4412 10297 
2 18 10297 1376 12215 7342 1291 12144 7236 4371 1337 4312 12201 1281 1308 4388 12220 12122 1427 7408 
2 9 7408 10250 10221 12173 10411 7572 7353 7492 1488 
1 4 1330 12127 4336 1403 
2 4 1330 10154 10283 10344 
2 7 1330 12127 1417 12256 4626 4585 1492 
1 5 1492 7469 12464 1082 4425 
1 2 1185 4075 
1 8 4075 12075 10075 12319 1522 4501 7446 1319 
3 2 1182 9998 
2 3 9998 7157 7087 
2 3 7087 12097 10125 
2 2 7072 11960 
2 5 10125 7187 4172 4142 11960 
2 3 7072 12031 7212 
2 3 7212 11946 1092 
2 3 1092 10052 11985 
2 2 11960 1136 
1 2 7072 1136 
2 8 1136 9985 10055 1167 7145 1191 7050 11985 
2 2 1025 7110 
1 2 7110 9950 
2 6 4102 1183 12006 11925 4164 7110 
1 2 11985 1025 
2 5 11960 4142 4172 7102 10032 
2 7 1182 4188 4100 7016 4118 1024 7169 
2 4 7169 12056 3848 6994 
2 6 1117 11930 4067 1063 9865 6994 
2 2 12007 1117 
1 3 12007 10128 10032 
2 5 10125 7187 10015 11989 12007 
2 5 1182 1097 11908 11989 12007 
2 3 3962 7532 10444 
1 3 10444 10512 12421 
1 3 6994 9859 3962 
4 4 4056 4086 1081 11977 
2 4 11948 10110 4126 11977 
4 4 11977 7204 7221 7125 
2 5 7125 9981 848 10083 6928 
4 5 7125 12040 11915 10065 4052 
4 5 4052 9790 912 11835 6981 
4 6 6981 3970 3839 3895 9885 11771 
2 5 11771 987 9781 11764 964 
1 4 964 3783 6851 1150 
2 3 9843 11761 10068 
4 10 11771 6951 11815 9835 6837 11886 3900 1052 12043 10068 
1 6 10068 9969 11996 11980 7189 1069 
2 5 9843 4140 12026 7109 4190 
1 5 1069 12045 4071 7089 10000 
2 4 1519 4538 12062 4190 
1 3 9843 9776 952 
2 4 1069 4037 10043 7025 
1 9 11913 1146 10008 7094 11916 10040 9995 7085 7025 
1 3 7014 12052 10076 
1 4 10076 7120 996 11913 
1 4 7014 12076 4042 7191 
1 5 9974 7058 1096 11991 7191 
2 7 4190 1188 1169 4144 1139 9958 10364 
2 7 10364 12012 7568 7580 9934 7167 4619 
1 4 4619 4631 9999 7097 
1 3 3992 7653 1628 
1 3 10062 7108 1047 
1 6 10364 4066 7656 10098 4010 7025 
2 5 12068 1091 11959 7214 7186 
1 4 1047 12095 1120 9970 
1 3 9991 12010 11968 
1 5 11968 9993 12423 1497 12366 
1 7 4245 10077 4644 7662 7565 10389 12338 
1 8 4245 10077 1609 4616 10443 10389 10349 7455 
2 7 4245 10077 4644 7593 7537 4544 4516 
1 6 4245 4062 7220 1444 12035 12307 
1 5 4245 4062 4104 1101 10060 
1 5 10060 10116 12462 11978 10001 
1 5 10001 10255 4237 1228 7340 
1 5 7340 4280 12114 4472 8087 
1 6 10278 12180 10152 1430 4321 7340 
1 4 10278 7436 1268 10246 
1 3 10246 4416 7265 
1 4 10278 1344 12734 8011 
1 5 10246 4416 1409 7288 1321 
1 8 10278 1344 12734 10808 8067 7363 10274 7447 
1 4 7447 7391 10190 7244 
1 4 8011 8100 10208 4278 
1 4 8011 8100 4414 10756 
1 4 10756 10259 5104 8087 
1 6 10278 1344 7310 12779 10296 10756 
1 4 10756 10259 5104 1359 
1 3 8087 10324 1359 
1 5 1359 12142 4353 10270 1349 
1 8 4278 12105 7250 12295 10210 12182 12269 1349 
1 6 1349 7013 4187 7150 11952 9975 
1 5 4516 1569 2005 7938 5040 
1 3 5040 5055 12137 
1 4 5040 4045 2036 12137 
1 3 4516 10751 9973 
1 4 9973 4299 1377 12137 
3 4 12137 5086 10794 2086 
2 6 2086 2032 10729 12822 12005 10887 
1 7 2086 12868 2002 10772 10066 9084 10887 
1 3 10887 9084 8007 
1 3 3456 10108 4110 
1 3 4110 7084 10735 
1 3 10735 8098 5105 
1 4 10735 1971 10898 8007 
1 4 10887 4979 8022 12763 
1 4 9975 1144 7207 4132 
1 9 4245 4062 7220 1059 1538 10428 9946 7574 10401 
1 5 10401 12420 4557 4883 10030 
1 6 1349 7013 4072 7060 7430 10030 
1 6 10030 4950 11995 4953 5096 5040 
1 3 7260 7344 10201 
1 4 5105 8013 12761 5075 
1 7 5005 7953 1922 2065 1982 10922 10837 
1 4 7602 10385 10768 10837 
1 2 2089 8001 
1 4 8001 2004 7994 2097 
1 4 2097 3795 1600 10106 
2 4 11746 806 3889 12473 
1 5 12473 7140 1056 4550 4111 
1 2 4111 792 
1 3 4206 1201 1065 
1 4 1065 7170 1074 4111 
1 2 1086 4206 
1 4 11976 4591 4574 7151 
1 4 4111 1074 7170 7151 
1 3 1065 7170 7151 
1 6 4206 4088 4161 11979 1155 12049 
1 2 4073 12049 
1 2 4073 7011 
1 5 12758 5099 7970 12455 11976 
1 2 11829 9833 
2 4 4345 4417 10320 7433 
2 10 7433 1284 12291 4362 7379 4432 1424 7304 7644 7361 
2 8 4345 4417 10320 10174 12221 1282 4342 4285 
3 3 4345 4270 3778 
2 8 3775 6797 9580 11567 3605 6625 4270 4345 
2 13 9450 6713 11641 11685 9684 6769 11669 9724 9711 722 11695 3763 3775 
3 6 3778 3635 3661 9634 6676 6510 
2 13 6510 9467 12278 12582 602 777 10718 4775 7899 1769 4875 4426 4872 
2 12 6510 9480 1299 4869 1782 10718 7794 13094 11571 4875 4426 4872 
2 3 12603 10611 4739 
2 5 4739 9669 6726 515 3010 
2 7 4872 12688 3721 12593 12663 3481 4739 
2 5 12603 1788 3721 12688 4872 
2 5 12603 10611 11440 10684 7787 
1 7 7787 4765 4877 4343 7853 1858 1408 
1 8 3010 6754 1347 7761 1737 7853 1858 1408 
2 4 1408 4428 10157 7315 
3 3 7315 12214 10327 
2 4 7315 7386 10271 12211 
2 2 12603 4759 
2 4 4759 10709 1752 3719 
4 4 3719 10618 6752 1866 
2 2 9450 12357 
2 8 12357 9657 926 1760 10526 3699 1719 1866 
2 6 1866 4807 4664 10341 12456 12357 
2 9 9450 12368 6737 11589 1560 10341 4664 4807 1866 
1 7 9450 6713 11641 695 691 11656 6710 
2 7 6710 9724 9711 722 11695 749 11654 
2 5 9450 6713 9654 11637 689 
2 4 689 3685 9825 6890 
2 5 6890 882 3687 6707 11654 
2 4 6732 3906 11830 9832 
2 8 3878 6911 3806 11665 10381 11662 7345 4345 
2 4 9832 6909 9847 3878 
2 2 3878 6882 
2 3 6882 3863 6845 
2 3 6845 3824 6984 
3 2 6984 3957 
2 5 3957 873 3823 11841 10412 
2 8 6845 6869 11785 9804 847 3850 880 11800 
2 4 6855 827 9808 11800 
2 11 9450 6713 9653 870 11791 3872 659 3853 6874 9808 11800 
2 6 1595 9796 831 11776 11760 6855 
2 2 1595 4527 
2 11 4527 4601 9775 9760 7528 3975 801 9923 6823 6929 3957 
2 6 12211 3513 12183 7865 12553 9616 
2 6 1866 9880 7536 12577 12646 12586 
2 9 9450 12312 11589 10478 7306 12418 11788 10666 12586 
2 6 12586 7852 3855 3613 4760 4723 
2 9 9450 12368 6737 10393 7539 1586 1678 9892 12586 
1 6 1595 4531 4437 10461 9682 9450 
2 10 11654 734 3733 3702 9708 1436 9693 3806 6911 3878 
2 4 6696 1881 10448 1595 
2 4 6696 12709 12568 9727 
2 3 4527 1445 9727 
2 4 1572 12381 1480 11975 
2 6 1843 9834 10489 866 12439 1572 
2 3 1572 1584 7388 
2 6 1572 12353 1433 12470 10492 12384 
2 3 12735 7422 492 
1 4 12384 7583 860 492 
2 3 492 10520 7480 
2 3 7552 7524 4464 
2 3 7552 1453 10449 
2 4 7552 1453 1643 1528 
2 5 1528 12401 6968 9829 3960 
2 4 3960 10861 10504 10337 
2 6 10337 1500 12313 4507 4535 7552 
2 5 10337 12410 4884 2042 6785 
2 4 10337 12341 1927 12782 
2 5 3960 7981 5022 1927 12782 
2 3 6785 12369 5015 
1 3 5015 10769 12835 
3 5 12782 6987 5061 2060 12835 
1 2 8097 10740 
2 3 12835 7973 8003 
2 3 8003 10916 10830 
2 3 10830 12745 8097 
2 6 12782 2019 12728 5038 10894 10740 
2 4 5021 2083 12721 12835 
2 3 1965 2011 4956 
1 2 4956 5021 
1 5 4956 2083 1952 12721 12835 
1 2 4956 10172 
1 4 1965 2011 2008 10172 
1 4 10172 12804 10853 8003 
1 4 1965 12755 4887 13089 
2 2 3834 853 
2 5 3834 7920 5044 12791 10740 
2 4 4908 4977 1945 8057 
2 5 13089 12746 12873 10895 8057 
1 3 8032 2051 13089 
2 4 12753 8236 10773 12810 
1 3 12753 10842 10886 
2 3 3960 9829 5001 
2 6 5001 7485 12458 12489 4444 1646 
2 3 7202 1547 11975 
1 4 10412 3925 11738 788 
2 5 7202 10029 7012 4491 7138 
2 7 12384 638 10394 1485 4653 4491 7138 
1 9 7202 7012 7134 11927 7083 7045 11783 6943 788 
1 4 1132 4168 6943 788 
1 4 7138 7083 12054 1132 
1 5 10412 9931 12445 10081 7138 
1 3 4464 7668 7480 
1 5 3957 951 11873 10343 7646 
1 5 7646 7466 4627 12637 9727 
1 3 9727 1582 913 
1 7 7622 10498 7451 10374 4476 7546 1550 
2 3 8252 5051 12798 
1 3 913 7791 10909 
2 3 12384 5090 10909 
1 4 12735 12803 968 10909 
2 4 12735 10192 10824 12501 
2 4 12501 1987 10615 7797 
1 2 1646 7797 
2 5 12735 1587 10753 7464 7797 
2 4 10449 10410 4510 1646 
2 4 6696 6974 12670 12501 
2 6 1595 12437 1604 7626 12305 4569 
2 7 4569 12305 10457 12497 7611 9682 9450 
1 4 4569 1621 12361 10717 
1 3 10717 1564 1534 
1 5 4569 12346 12463 10370 1534 
2 5 4569 4449 4540 4625 7797 
2 11 6464 506 584 11428 493 11515 243 279 3324 389 362 
2 4 9508 548 3230 3295 
1 4 3295 3324 389 362 
2 10 9450 12368 6737 10339 1527 4590 7449 7607 12361 10717 
1 7 1866 9880 1867 12667 12620 3750 1747 
2 8 4723 10640 10711 1815 12651 1851 12585 4860 
1 3 4860 10593 10624 
2 4 12211 3513 4328 4274 
2 5 3588 6665 3471 10151 4274 
2 4 4274 4347 4331 3588 
3 3 3588 9697 9713 
2 4 9671 3677 6699 9713 
3 5 9713 6699 6694 6876 4518 
2 4 4518 9911 941 10387 
1 3 10387 10483 9814 
1 4 9814 11757 7517 1562 
1 3 1562 12374 7986 
2 3 7986 8115 853 
1 4 10387 12303 4727 7986 
2 7 10327 12673 12124 3781 6742 7779 4860 
2 11 4860 12572 4857 7880 1767 6722 12566 1836 4772 1752 3719 
2 4 10624 4863 7883 4759 
2 8 10327 1690 1832 4838 1854 1857 10593 10624 
2 5 10717 7834 1352 7892 4740 
2 4 1534 9802 4811 4740 
2 3 1534 2043 1806 
2 6 3960 2082 8025 5103 1618 1806 
1 3 1806 7904 10798 
1 3 10798 11802 4740 
2 5 3960 9920 5085 3875 3972 
2 3 10798 10702 3972 
2 5 4740 11802 7762 2055 3972 
2 2 3972 9908 
2 5 9908 12624 4586 10340 4740 
2 6 9908 12893 10867 8070 3867 10740 
2 4 10740 12791 3883 4975 
2 3 4975 10642 12627 
2 5 4740 10340 4586 1738 12627 
2 3 12627 10588 1827 
2 10 10717 7834 4757 12513 1753 10532 4871 12570 12642 1827 
2 9 10717 7834 1352 7892 12024 4814 4586 1738 12627 
2 3 1827 7780 4723 
1 3 853 1793 11814 
1 4 11814 4799 4657 10387 
1 4 853 7747 6897 10573 
1 4 10573 10645 12552 4975 
1 4 10573 7821 12765 11814 
1 9 12627 9792 868 1658 6887 1756 4742 10662 4865 
2 8 4865 10651 12573 12699 850 4799 4657 10387 
3 9 4865 10651 10591 7827 4736 10422 11698 710 9713 
2 3 4865 10582 12535 
2 4 12535 1789 10556 9616 
2 6 12535 7888 12633 12561 10640 4723 
1 4 1814 4804 12617 12604 
2 8 1814 4804 12617 7783 1713 7887 1565 4543 
1 4 1814 4804 7692 1801 
2 4 2197 5195 2203 2211 
2 5 7798 4776 12932 12924 12910 
2 8 7798 12576 7755 1667 10455 10682 12435 12406 
2 10 7564 7535 7522 4481 12308 7651 10487 10460 4560 7566 
1 4 1454 12104 1431 7669 
1 4 12364 1555 4573 7621 
1 5 12364 10402 12394 12409 1639 
1 4 12364 10402 12394 10418 
1 7 12364 12351 10390 8208 5184 12970 8215 
1 3 8215 10992 650 
1 2 650 8222 
1 4 650 5191 8194 5228 
1 4 5228 11000 5171 12994 
1 3 12994 8217 5131 
1 4 650 8229 8251 5121 
1 3 1639 12494 10935 
1 3 12364 12351 7500 
1 3 7500 10985 12942 
1 5 8187 10943 12453 10515 12364 
1 4 8187 8238 2173 2152 
1 5 10362 12496 1613 1626 4604 
1 6 7500 5163 10975 8255 5143 8216 
1 3 5131 2174 12930 
1 6 8216 10965 2224 5229 10987 12930 
1 3 12930 8157 5230 
1 3 5230 13195 13086 
1 2 2210 2182 
1 3 4604 4589 10447 
2 7 4604 4589 7594 1542 1529 5156 8181 
1 4 8181 7553 10947 10513 
1 2 10513 5112 
1 4 10513 10432 5172 10980 
1 5 10980 8190 12996 2153 10999 
2 4 10980 12334 8148 7476 
2 8 10513 10947 12972 5186 12937 2181 10959 8189 
1 6 10513 10947 12972 5186 7636 12977 
1 2 10946 8143 
1 4 10998 5182 10967 5168 
1 2 5168 2227 
2 5 12589 10415 12692 12547 4696 
1 2 2229 10963 
2 4 10963 7605 5203 1509 
2 2 1509 10697 
2 3 10697 4822 4696 
1 4 1468 4556 12648 10400 
1 2 2213 10400 
1 2 7576 1468 
1 2 4696 1833 
1 4 8245 1688 5106 10400 
3 2 10697 5231 
3 3 5231 12648 10400 
2 2 10963 4879 
2 2 2120 10929 
2 4 10929 1874 12963 8214 
1 3 8214 10668 5231 
1 4 10929 1874 7872 5199 
1 3 5199 12504 191 
1 5 8214 12963 1874 7872 5199 
1 3 10968 12925 5117 
1 5 2196 8205 12911 10932 8144 
1 3 5160 10860 1939 
1 3 1939 5196 5210 
2 3 7011 10005 11964 
2 4 7011 10073 7164 4076 
2 2 7011 3996 
2 4 3996 4055 1068 10031 
2 4 10031 7144 11974 12044 
2 5 11999 1064 12071 1151 12044 
2 3 8105 10745 7989 
2 2 7989 2046 
1 3 2046 2003 12725 
2 3 2046 12881 12806 
2 5 11921 4129 7162 7180 11969 
2 2 9994 11969 
2 2 12051 7081 
2 6 7081 1160 4163 1046 7180 11969 
2 6 12051 7065 13077 4131 11939 1145 
2 5 1145 9964 12760 11923 7132 
1 6 7132 4150 7008 12018 7958 4933 
2 7 7132 4116 989 1111 4097 11987 7100 
1 4 7100 1194 10113 9945 
2 3 7100 10070 7069 
2 4 7069 10023 4139 4108 
1 3 5010 7980 8124 
1 4 2012 8015 12710 4948 
1 5 2050 12900 2025 1969 4972 
2 4 9570 6462 9511 11467 
2 4 3458 6416 11430 9427 
1 3 3458 467 3544 
2 3 9817 11673 6734 
2 4 321 11305 9320 9347 
1 5 3522 9238 9294 11305 321 
1 5 3522 9238 9294 9320 9347 
2 7 2086 2054 1908 4984 10847 1980 4110 
2 7 2086 2054 1908 4149 12886 1103 9975 
2 9 4245 4204 7593 12452 1637 10471 10332 7938 5040 
1 8 3022 6038 3111 11049 3162 11052 46 3108 
2 7 11542 9429 583 421 6562 3414 3583 
1 4 3583 3414 6562 3569 
1 5 3569 557 3718 6739 11666 
2 6 11542 9429 583 421 6562 3569 
2 3 1965 8089 12810 
2 4 4908 10765 8012 3834 
2 3 7859 12435 12406 
1 9 12406 7520 10388 4478 4658 10500 12451 10430 7564 
2 4 8186 5225 10925 12910 
1 10 12406 1537 10427 12377 11019 2114 8249 5211 5225 8186 
1 13 8186 10927 8165 5197 12948 2191 10969 8200 10949 1526 10983 2157 1652 
1 9 6928 3981 3852 6922 959 6822 898 6944 9897 
1 9 10433 9782 10503 12482 11906 6811 810 3977 957 
1 7 957 3977 810 6811 9766 973 9897 
1 8 4572 7663 11864 9913 9928 11893 6964 9897 
2 5 11771 11808 916 4642 4572 
1 4 4572 4503 7652 10433 
2 3 10433 7582 4506 
2 9 4506 12485 4876 10638 13150 4745 7743 4719 4677 
2 7 11771 846 9831 930 4633 4561 4506 
2 7 4725 10655 7801 12678 12261 4805 12189 
1 9 4725 7763 12657 10678 7851 12543 10559 7725 4677 
1 5 4506 1588 12618 7832 4725 
2 8 3585 6418 9421 9541 543 6552 9527 11666 
3 4 11542 6440 3418 3585 
2 6 3585 6470 11404 3474 9416 11544 
2 3 9315 6318 6384 
2 5 9315 9379 9332 11270 351 
1 4 12051 9976 12034 9943 
2 5 6583 9418 9444 3516 516 
2 5 13011 9472 13081 3516 516 
1 7 11459 500 509 9516 533 9504 3529 
1 8 11408 9564 3539 11485 9436 3582 9504 3529 
1 4 11752 7674 1489 952 
1 6 9878 6945 11796 3927 6992 4112 
1 5 6912 11778 9921 928 4112 
1 6 3951 11831 856 981 11898 9921 
1 4 979 6938 9844 11747 
1 5 9777 3903 3935 9915 11881 
1 4 3870 921 6977 9777 
1 5 3870 3807 11844 804 11747 
1 4 3889 9893 9912 7620 
1 3 11853 6991 10472 
1 3 1052 900 6969 
1 3 6969 3955 952 
1 4 3992 4083 7172 7199 
1 3 6747 723 3707 
1 4 12991 2063 4995 10775 
1 3 560 11503 6435 
1 3 3707 11686 754 
1 6 754 3757 3575 6597 409 3452 
1 4 6344 9371 9396 11230 
1 6 3122 11065 3172 66 195 11121 
1 5 9206 11162 3050 6150 3187 
1 12 3187 3030 9061 3068 9169 193 6146 11079 9233 9106 6212 11121 
1 5 141 6078 9104 3125 6146 
1 4 9056 11033 3119 6138 
1 9 9108 6165 6125 9147 11125 11164 11081 158 11121 
1 8 3668 6701 700 6748 3726 6758 11706 9753 
1 9 9753 6620 11429 9455 6486 6516 520 11474 3529 
1 6 10364 1004 1603 5092 7406 7418 
1 10 10137 10309 4379 1302 7280 12297 4397 10016 11936 1185 
1 6 4401 12232 10232 12204 1285 10162 
2 2 9458 6449
2 2 3501 11548
2 8 9090 13003 12689 12674 12512 10245 1426 12503
2 2 9990 4159
2 4 10074 7059 10091 11969
1 2 4135 1048
2 5 11948 12085 1054 12060 4056
2 5 11977 10085 1054 10011 7110
2 5 8049 7208 1034 4634 1519
2 5 6999 1893 11865 10144 7418
2 5 6999 12705 11972 10763 4504
1 2 12338 8010
1 3 8010 2014 5033
1 3 4987 5310 12338
1 4 4987 4459 1541 10751
1 3 10246 1381 10201
1 2 10246 8067
1 3 7244 7395 4278
1 3 560 6280 3309
1 4 5033 5080 12899 7940
1 4 1630 5057 12327 5100
1 4 7940 10834 7997 12596
1 4 5100 2028 5076 12596
1 3 4619 1036 1628
1 3 4504 4192 1319
1 3 1319 4559 7965
1 4 7965 12898 4996 4425
1 2 12366 7455
1 2 4616 9993
1 6 1630 6638 556 5025 517 8049
1 4 8049 5007 7301 7406
1 3 1139 1180 4634
1 4 1628 7637 1153 12019
1 4 4801 7752 7749 12612
1 4 12612 4655 12448 11752
1 3 4801 10554 4766
1 4 4144 11933 12069 10043
1 3 7109 10022 11996
1 2 9843 6969
1 4 12019 1125 10014 7191
1 3 2074 10865 7940
1 3 2074 1698 12596
1 4 2074 1943 5011 2010
1 4 2010 2093 4994 5033
1 4 5011 8037 4914 7940
1 5 10887 12754 7316 8005 7273
1 4 7273 10821 1970 2015
1 4 7273 10802 5094 2010
1 5 2074 5736 7792 10545 4709
1 6 2015 7949 4682 7702 7792
1 4 2015 1766 4923 2058
1 2 2015 1766
1 3 2058 10488 1459
1 3 4348 7587 1427
1 3 1581 10486 12464
1 3 1581 4087 12322
1 3 4425 8063 4087
1 3 12322 1116 7455
1 3 12322 1525 12366
1 4 1581 10514 13208 12423
1 3 12366 12395 13208
1 4 1492 12404 4202 7190
1 4 7190 10033 7122 9991
1 3 3999 11966 10033
1 3 1581 4454 3999
1 3 3999 997 9991
1 5 1488 7675 12317 4654 4626
1 3 4175 7647 7675
1 3 4568 7974 4175
1 4 5009 10413 7909 4568
1 3 5009 7976 7965
1 5 1492 7562 1170 4210 5009
1 3 4425 10863 7976
1 3 4175 2061 1170
1 4 1492 1566 7603 4175
1 5 3999 7534 12335 10386 1492
1 4 4568 12433 12392 12319
1 3 12433 7218 4339
1 3 4339 7356 1507
1 4 1507 10356 12345 7353
1 5 1507 10330 10456 7103 4568
1 3 4175 1990 4496
1 3 4496 10371 1488
1 3 4496 8045 10330
1 3 4496 7531 7353
1 4 1403 4408 7559 7353
1 4 1403 12125 10193 4348
1 4 10344 1650 7034 4202
1 2 10344 12256
1 4 1403 12238 1253 1488
1 5 10425 12360 7516 1464 1507
1 3 4339 9988 10016
1 4 4075 10129 9961 4339
1 4 10425 12388 12195 10250
1 4 10425 12431 7601 12460
1 4 10425 12373 1357 12345
1 3 10411 4582 12388
1 4 4348 4319 7338 12173
1 4 5009 12262 1383 4501
1 3 1172 1653 4501
1 4 10204 7645 12447 12460
1 4 10204 12150 1605 10162
1 3 10204 7238 4401
1 6 10137 4255 1300 4334 4405 10162
1 5 7408 12224 12264 10467 12460
1 3 10425 10438 12264
1 4 7516 1390 10326 12297
1 6 12460 1592 1563 4554 7229 10137
1 5 1563 1374 4539 1520 1390
1 3 4539 10195 1302
1 3 1390 1362 10016
1 3 1390 12332 7356
1 4 10425 12402 1548 1374
1 7 10204 1620 4596 4363 1248 10180 10137
1 3 1563 1577 4363
1 3 2067 7294 1319
1 3 2067 12819 12705
1 3 12837 4999 2067
1 4 1257 9966 1918 12837
1 4 1257 5193 531 4295
1 3 4295 4167 7418
1 3 7418 8072 7596
1 4 7596 10757 7201 4896
1 4 4896 10822 10304 1893
1 4 1172 7518 1073 12075
1 4 7137 4077 10459 1172
1 4 1172 1196 1114 12319
1 4 1172 1625 1884 4504
1 4 2067 10726 4937 7965
1 3 12837 1999 4937
1 4 7319 4639 4330 10204
1 3 7319 1324 12460
1 4 7319 10177 4251 12264
1 13 7408 7225 1244 7292 1353 4359 7404 7432 10317 4223 1423 1396 4401
1 3 7319 10289 7432
1 4 4996 12789 12724 12837
1 3 12789 8126 4937
1 2 7027 7214
1 4 7137 10050 12023 11983
1 6 11983 10105 11981 7135 4160 1070
1 6 11983 1131 12077 1187 7152 1047
1 7 4075 12048 7015 9948 4121 4177 7137
1 4 7141 1078 11945 9970
1 4 1078 4207 4050 7108
1 4 9970 7004 4183 7199
1 4 7141 4081 1053 7199
1 4 10012 10042 1166 7027
1 4 10012 7054 4038 3992
1 3 12019 7007 7054
1 3 4038 4185 7007
1 2 1153 4185
1 2 7191 7120
1 2 4066 10098
1 3 7656 4114 4144
1 5 7141 7099 12084 7131 1166
1 6 10012 4113 1138 10084 12030 7199
1 3 10084 1006 12084
1 4 3992 9984 1110 10084
1 3 4158 10462 7167
1 3 4158 4079 10040
1 3 4158 10434 7568
1 3 7596 7609 9934
1 4 4896 7279 10517 7097
1 5 9934 7625 4130 13140 7097
1 4 7097 1640 11988 7653
1 4 1640 12495 10057 7199
1 3 1166 1193 10084
1 4 1078 1162 1202 1047
1 4 7097 12483 7502 7159
1 3 7159 11918 9970
1 4 7159 12350 1448 4183
1 3 7097 13143 1448
1 6 7577 10335 12017 10377 7159
1 5 4896 10006 10335 4480 10404
1 5 10404 7168 4152 7044 11983
1 5 9970 12014 10121 7210 4152
1 9 7159 4125 12407 10404 10039 10431 12436 4628 10459
1 7 4504 4532 12436 4134 7650 7137
1 3 7577 7549 12436
1 3 10335 7665 10517
1 4 10517 7101 7434 10757
1 4 7577 8095 10616 4504
1 5 6999 4431 1010 4325 8095
1 4 2067 5072 10819 4504
1 3 4158 9959 7637
1 5 11913 1099 1171 7104 12019
1 8 9974 10058 7146 1195 11947 9972 4070 10012
1 4 12019 7174 11920 11947
1 4 11947 9944 1066 7054
1 3 10083 7171 4052
1 3 9790 11770 6928
1 3 964 9854 6981
1 3 12061 11937 12019
1 4 4158 10064 10017 12061
1 5 12061 1171 4173 10101 7191
1 3 11991 12059 11920
1 2 12059 1195
1 3 1628 13141 4185
1 3 12061 1083 7035
1 3 4619 7637 7035
1 3 4158 4203 7035
1 3 7035 10044 12019 
1 2 3992 1628
1 4 4123 13144 1161 10040
1 4 4123 7181 4148 11913
1 4 11913 11982 1089 10076
1 3 7181 10095 1089
1 2 10008 4148
1 3 1146 11994 12061
1 4 4123 1076 12055 7025
1 3 7568 7459 4519
1 3 4519 10474 7596
1 3 4519 4547 5092
1 3 4519 7508 1004
1 3 10040 10079 7126
1 3 7126 7540 7568
1 3 7126 9937 4158
1 2 4066 7126
1 4 7208 1575 11931 1004
1 3 7210 11941 1047
1 3 11918 9997 10121
1 4 1069 7160 9987 1169
1 4 12274 8026 4925 12141
1 6 1257 10132 1367 8026 7240 6999
1 3 1257 4375 12141
1 4 1257 2045 12767 12274
1 3 4295 2091 12274
1 6 10000 4157 9971 1029 4082 4123
1 5 6999 4141 9939 1474 10335
1 2 12141 12819
1 3 12274 2030 1893
1 3 12141 10841 4999
1 3 5193 12882 556
1 5 8049 12156 10733 2006 4295
1 4 7659 7314 12356 8049
1 5 7659 4074 12300 4174 1519
1 4 12815 11448 4403 1257
1 4 11448 4888 12732 5057
1 4 7940 12846 4536 12815
1 4 12815 10817 7988 12837
1 4 5100 2053 10750 12846
1 4 8059 10856 8104 7988
1 2 5080 8059
1 4 8059 4964 8018 7940
1 3 7455 12860 8010
1 3 5033 2098 12860
1 3 12815 1882 8018
1 3 7158 1137 4140
1 3 3881 814 900
1 3 3881 6898 6837
1 2 9835 11764
1 4 952 10397 828 7158
1 4 7158 12432 10507 12300
1 4 2087 4525 10424 7158
1 4 2087 4960 3427 7659
1 4 8081 3745 4939 8049
1 3 1630 3742 8081
1 3 8081 4986 3427
1 4 7803 12880 10629 2087
1 4 7803 8055 10724 8081
1 4 7803 12750 12776 5057
1 4 7803 10899 4783 7727
1 3 7727 8102 2028
1 3 5100 5031 12750
1 2 10899 5031
1 3 4729 12686 4801
1 4 4729 12669 10558 7803
1 4 4655 4856 10632 4729
1 4 10632 1853 12609 2087
1 4 11752 7545 12403 7158
1 4 1859 1798 7881 1725
1 4 1725 12541 4786 7727
1 3 1725 7806 4729
1 3 1859 4732 12686
1 4 4801 4732 7881 1725
1 4 12612 10575 4873 12629
1 5 12629 4222 10372 1608 11752
1 4 11752 4612 12331 12609
1 3 6988 4495 952
1 2 7674 4495
1 4 6988 7575 7633 3881
1 5 6988 6937 11801 881 6969
1 3 6969 11822 10068
1 5 3881 9873 11801 9768 952
1 4 12671 10839 7732 12524
1 3 12671 12598 10560
1 3 10560 1781 7727
1 3 12524 4947 12596
1 2 2074 4947
1 5 12524 1838 4843 1778 7727
1 4 10560 4843 12820 12596
1 3 10560 4858 12541
1 4 7799 12675 1728 1725
1 3 1859 7717 4766
1 3 7823 12533 12507
1 4 7823 10578 12557 12629
1 3 12629 1871 7578
1 3 10638 1811 7578
1 3 1558 12469 7578
1 3 1558 1627 4561
1 4 10638 1502 7812 1558
1 4 1558 12337 11903 3877
1 4 3877 1638 930 4572
1 3 4561 1499 1638
1 4 7578 10429 12478 3877
1 3 3877 11836 9831
1 4 3877 9927 3934 9835
1 5 3877 4514 3828 11855 3881
1 3 7575 10426 4514
1 4 7578 10363 10499 6988
1 3 1608 12348 10363
1 3 12629 1743 10638
1 3 4677 4792 12557
1 3 7823 1868 10575
1 2 7749 1868
1 3 7823 12665 4792
1 2 10683 12665
1 3 4801 4862 12533
1 3 1762 7676 1859
1 3 12579 1834 7676
1 4 1859 10623 4697 7799
1 3 10627 10597 12579
1 3 7703 4882 12579
1 4 7703 1810 10543 4797
1 3 7799 1689 10597
1 3 7703 12610 10627
1 4 7799 12544 10634 10560
1 4 12737 10691 10674 4709
1 3 12671 4788 10674
1 4 1774 7870 7808 12671
1 4 1774 4849 4823 12737
1 4 12737 4714 7737 12671
1 2 12524 5736
1 4 4845 12526 1703 4682
1 4 13197 12529 10619 4845
1 4 1825 4316 1483 2058
1 4 7711 4773 12583 1825
1 3 7711 12385 12658
1 3 12658 12340 12397
1 4 12658 12640 10660 1459
1 4 1825 7706 10603 12658
1 4 1243 1382 4492 12658
1 4 13197 1708 1844 12737
1 4 13197 7866 7850 4709
1 4 12427 1818 12590 12737
1 4 12427 12564 4674 12635
1 3 12635 12662 13197
1 4 12427 7890 7680 11410
1 4 11410 12613 4661 7350
1 4 12635 10584 10218 7350
1 4 11410 12594 4867 12635
1 4 12427 1864 4867 10584
1 4 1774 12520 4777 7799
1 4 10627 1676 7804 12509
1 4 12509 7843 10539 1774
1 3 12509 4751 4823
1 3 12509 10713 12427
1 4 12528 4800 4781 12509
1 4 7274 10652 12515 12528
1 3 12528 1779 7680
1 4 7274 4734 1794 11410
1 4 10202 1797 10546 11410
1 4 10696 12546 12616 10202
1 4 10202 7708 10235 7350
1 4 7350 1287 12152 7407
1 4 10633 1375 12152 7407
1 3 7407 7425 1223
1 4 1223 12111 10179 1243
1 3 7407 4250 10179
1 4 1272 10277 7392 7600
1 4 1272 4277 12121 1243
1 3 1223 10268 4277
1 4 1229 4238 4281 1223
1 4 1229 12285 12115 12143
1 3 10284 10312 12143
1 4 12143 1303 1331 1272
1 5 1229 4309 7383 12266 1272
1 4 1229 4369 1363 10284
1 4 9292 10213 4340 10284
1 4 7328 7401 12229 10284
1 3 7328 10256 7281
1 4 7281 7233 10140 12143
1 3 7373 4311 7328
1 2 12157 7401
1 4 10284 7429 4411 7281
1 4 7373 4383 4215 7281
1 4 1229 7298 1680 10633
1 4 10633 7317 4685 10202
1 4 10696 1800 4670 10633
1 4 1223 10239 10308 10633
1 5 4780 7874 7741 1391 1229
1 4 7800 10568 1309 10633
1 5 1229 1418 12619 10568 1709
1 3 1292 10170 4340
1 4 1278 1258 7300 7373
1 3 7328 10185 10142
1 4 7373 1378 12270 12128
1 4 7281 10224 7341 10253
1 4 7410 1360 10295 1331
1 4 7410 12198 10196 7281
1 4 7410 12227 4394 10253
1 3 7410 4376 4227
1 3 12143 12170 1360
1 7 1243 1312 10508 7597 4636 7507 7501
1 4 1825 4224 1591 4845
1 3 7711 7795 10619
1 4 10649 1816 7822 12528
1 3 12691 12563 10649
1 2 12563 12628
1 4 12628 7731 4680 10627
1 3 7731 12625 7703
1 3 7703 10562 1813
1 3 12628 7713 1813
1 4 10649 4690 10646 10627
1 4 10649 4711 7819 12509
1 3 10649 10580 7886
1 3 10202 4806 1733
1 5 10627 1877 7773 10669 12520
1 2 12520 7843
1 3 7843 12695 7773
1 2 4690 12628
1 3 12528 1369 12631
1 4 4572 1567 3932 6905
1 4 6905 11781 6963 906
1 4 9795 11828 6963 906
1 3 906 852 6928
1 3 9795 11896 9790
1 4 3929 11823 9841 11781
1 3 9897 944 3929
1 3 6868 3849 9885
1 4 6868 9759 9803 6905
1 4 6868 945 9848 9795
1 3 1776 4852 13150
1 4 1776 12537 10541 12543
1 3 1776 7873 7832
1 3 7767 1693 4725
1 3 7767 4649 10433
1 4 6811 1571 10519 12342
1 4 12342 10368 10722 12678
1 4 12342 4551 10521 12189
1 4 7767 1545 9623 12342
1 4 4506 1645 4592 7767
1 4 12342 12443 12500 664
1 4 12189 12192 12263 12638
1 2 1730 10678
1 4 1730 4847 7754 4829
1 3 1772 12591 1730 
1 4 1772 10590 1724 4829
1 4 1772 7871 12569 12638
1 4 4829 7616 4246 12678
1 4 4829 4779 12654 4725
1 3 7616 7748 12638 
1 3 4752 10667 1730 
1 3 7844 10608 4752 
1 2 1730 10608
1 4 7844 7691 12660 12543
1 4 1666 12565 4821 7844
1 4 1666 4762 10565 10643
1 4 12543 4832 12556 10643
1 4 1666 4675 10681 4832
1 3 10643 10574 4677 
1 4 10658 7751 1826 10643
1 4 12506 1761 7854 10643
1 4 12506 4835 4716 10658
1 3 10658 4705 7860 
1 4 10658 1696 7816 4766
1 4 10596 10524 12575 12506
1 2 1761 4762
1 4 4752 7772 12650 1772
1 3 10572 1805 7772 
1 3 10701 12623 10572 
1 3 7817 10641 10701 
1 4 7817 4726 1748 7844
1 4 7817 4798 7746 4752
1 2 10701 4798
1 3 7817 7765 12611 
1 3 12611 4795 1666 
1 3 12611 10557 12608 
1 4 12608 12538 4868 1666
1 4 12608 1792 10654 12506
1 4 10628 10688 12668 12608
1 3 10572 12518 12551 
1 3 12551 12683 1865 
1 3 1865 13219 10540 
1 3 10540 13062 13229 
1 3 4006 12592 1865 
1 3 13229 1819 4006 
1 3 4006 13061 12634 
1 3 12634 1714 10572 
1 3 12634 11607 1865 
1 4 12551 11607 4229 4006
1 3 12634 6211 1745 
1 3 1745 10589 7817 
1 3 12634 4878 10701 
1 2 1745 4878
1 3 1745 1722 6085 
1 3 6085 13059 10557 
1 4 1745 2853 1852 12611
1 3 6085 2900 2923 
1 3 2923 11328 12687 
1 3 12687 4831 7707 
1 4 12687 1741 10631 10628
1 4 10628 12681 7828 10596
1 3 10628 7863 7802 
1 3 7802 4808 7769 
1 3 7769 7902 10596 
1 3 7769 4815 12540 
1 4 10596 1829 7838 4797
1 3 7769 10664 10549 
1 3 7802 12523 1837 
1 3 7707 4842 1837 
1 3 4842 1697 7863 
1 4 12523 10570 7841 1813
1 4 7769 1803 7876 12523
1 4 1837 4782 7744 12691
1 3 1837 10544 12595 
1 3 4859 13064 2923 
1 3 4859 10607 12643 
1 2 10607 12687
1 3 12643 12615 12555 
1 3 12555 4687 7707 
1 2 12643 4831
1 3 12555 12655 12595 
1 4 12595 1777 4724 12691
1 3 12643 10635 1729 
1 3 1729 4733 4859 
1 3 1729 7809 4761 
1 3 4761 10536 7689 
1 3 4761 1757 7837 
1 3 1729 7781 7882 
1 3 7837 10663 7882 
1 3 7689 7738 12574 
1 3 12574 1784 7837 
1 3 10620 10592 12574 
1 3 10620 7796 4746 
1 4 10620 12630 12700 4710
1 4 4746 7895 4846 4710
1 4 7882 7750 12599 4681
1 4 12555 10705 10576 12599
1 4 4681 10686 10613 7886
1 5 4681 12174 7789 12536 4866
1 4 4681 10617 4767 12510
1 4 12510 4840 12606 1733
1 4 10659 10529 1824 12510
1 3 10659 12580 4700 
1 4 7837 1726 7793 1824
1 5 12574 4817 7685 12639 10659
1 4 10659 6787 12390 4659
1 4 4710 10604 1880 4659
1 4 4659 3472 10670 4780
1 4 4824 1387 10542 1292
1 3 4710 4813 4824 
1 3 4802 12659 10716 
1 3 10716 11307 237 
1 4 10716 7228 12567 1821
1 4 10716 1704 10720 4710
1 4 4746 1744 7824 4802
1 3 4802 12187 3127 
1 4 3127 12527 10216 10716
1 4 3127 6025 1336 7375
1 3 4802 4314 12558 
1 3 12558 10579 9121 
1 3 9225 4298 12558 
1 3 9225 1295 10579 
1 3 9225 3155 7330 
1 3 9099 11200 7330 
1 4 9099 9230 6538 9121
1 4 12502 3169 4774 4746
1 4 9121 10723 11098 12502
1 4 7689 9142 1664 3169
1 3 7330 3081 11042 
1 4 11042 87 6016 9099
1 4 3338 9041 6105 9099
1 4 3338 3075 11089 11042
1 4 3338 312 6102 140
1 3 140 6051 3031 
1 3 9130 9187 3031 
1 4 11042 3064 183 9130
1 3 9113 11074 183 
1 3 9130 72 75 
1 4 75 9202 6091 9113
1 3 6274 6162 12203 
1 4 6274 88 10200 11133
1 4 6274 189 4326 3127
1 4 9225 6121 9145 11133
1 4 11133 3041 9155 11025
1 4 11025 9232 6213 11192
1 4 7330 186 3102 11025
1 4 11133 9192 11087 272
1 4 12203 7359 6217 6278
1 4 7375 4372 12626 1380
1 4 6278 4400 6368 7237
1 3 7237 291 1278 
1 3 7320 11223 10142 
1 3 7237 9349 12172 
1 2 12172 4283 
1 2 12172 4324 
1 4 11103 6182 3157 75
1 4 11103 6034 11071 3031
1 4 9113 3079 9210 11192
1 3 11192 11110 186 
1 4 11025 9114 6171 6124
1 5 11192 3186 3017 9180 73
1 3 75 9199 9131 
1 4 9113 84 3087 9222 
1 5 9222 174 11095 3175 9131
1 3 9222 9043 143
1 4 11103 163 3154 9207 
1 4 6203 3077 6101 121 
1 4 6203 85 3176 11315 
1 4 3140 9060 11048 9111 
1 6 6203 3143 3035 129 3124 9207
1 5 140 3092 11038 6159 11094
1 5 3031 26 18 3 11094
1 4 11094 11212 11175 3071 
1 4 3071 157 2998 6153 
1 3 6153 40 9118 
1 4 6153 9078 6172 11153 
1 4 6153 11046 3133 3187 
1 4 2998 6210 13114 3068 
1 5 3134 6157 9039 11128 74
1 3 74 15 3121
1 5 74 6128 3107 11167 6076
1 5 74 11085 197 3156 6045
1 5 6045 3153 3026 11041 11081
1 5 6045 3073 6134 11024 6146
1 6 6045 9074 3067 36 11045 3189
1 4 3071 11054 9119 9074 
1 5 3071 11146 80 7 6146
1 4 6076 9189 124 11164 
1 5 6076 11115 61 151 3095
1 5 11026 3138 6200 9093 11067
1 6 192 6155 9126 6214 9175 11026
1 5 11026 9095 9171 6185 11052
1 4 6124 3264 11354 6224 
1 4 6224 3294 11320 6278 
1 4 6224 11365 6297 3027 
1 4 6224 11286 9381 260 
1 3 9402 282 9381 
1 5 9402 11263 6383 9370 6124
1 4 9402 6307 9259 9373 
1 4 3245 270 9368 11375 
1 5 73 175 3004 12 3245
1 5 3245 3349 9270 3361 9402
1 4 9257 6358 3347 3268 
1 5 9257 6135 3116 3220 121
1 5 9257 9159 3091 6077 143
1 4 9159 9033 135 12 
1 4 6338 372 9514 292 
1 4 10301 11389 6308 12172 
1 3 10301 6323 3300 
1 4 10301 3214 11496 292 
1 4 292 6404 339 11225 
1 4 292 11273 3382 392 
1 4 392 9244 9307 9373 
1 3 392 9338 6302 
1 5 392 6294 3334 345 6391
1 5 380 208 11364 11393 9258
1 4 380 3196 3246 6226 
1 2 3196 286 
1 4 380 3343 3316 6502 
1 4 6502 452 9473 410 
1 4 410 6473 497 3486 
1 4 6502 6339 9365 6226 
1 4 380 353 483 3578 
1 5 6502 11421 9432 11523 3578
1 4 410 6574 3490 9447 
1 4 410 9549 6551 9538 
1 4 9462 432 6491 9538 
1 2 3486 3330
1 4 9447 499 11460 11523 
1 4 9530 6575 9475 3518 
1 3 3578 6539 3518 
1 4 3518 6563 11551 433 
1 4 9530 3517 6479 9447 
1 4 9447 3406 3538 9513 
1 4 9538 6588 6564 9513 
1 4 9513 11482 6514 11578 
1 4 11578 3622 11736 9753 
1 4 9513 11472 11457 9455 
1 4 9538 11524 11469 11455 
1 4 11455 464 615 11578 
1 4 12254 7322 6615 11455 
1 4 9462 576 11480 12254 
1 2 12254 7370
1 3 12254 1247 10264 
1 3 10253 12179 10264 
1 4 10264 13008 10262 4523 
1 3 9530 3503 520 
1 3 9462 3502 9420 
1 4 9455 9440 6463 9426 
1 4 9426 11566 11724 9739 
1 3 9426 3774 9720
1 3 9720 6760 6758 
1 3 9720 742 6748 
1 3 9720 745 11690 
1 4 9739 9705 11693 11690 
1 4 3529 498 11447 9459 
1 4 9516 3489 6503 9459 
1 4 9459 9442 481 9426 
1 4 9739 9722 11694 9707 
1 4 9415 3777 6765 9739 
1 4 449 3464 3443 9415 
1 4 9459 11400 6468 9415 
1 3 9417 11418 449 
1 3 449 484 11459 
1 4 449 11403 426 3587 
1 4 9415 3417 6417 3587 
1 4 9688 9742 775 3587 
1 4 9415 6796 11727 9688 
1 2 9722 11727
1 4 9688 748 6753 9707 
1 4 9707 731 6718 685 
1 4 11690 712 11632 3672 
1 4 6748 6730 683 3672 
1 4 11690 11661 6750 9707 
1 3 9691 11678 6753 
1 3 9691 6692 11617 
1 3 685 9632 9626 9373 
1 4 11617 11664 9649 685 
1 3 11617 11599 772 
1 3 3672 666 1455 
1 3 3668 6689 1455 
1 4 1455 7554 6763 11645 
1 4 1455 6436 4534 1599 
1 4 1599 9702 12441 10472 
1 4 1539 12450 6642 4660 
1 5 10472 3564 12320 6997 4660
1 4 4660 4825 12793 2071 
1 4 2071 12861 1822 5014 
1 4 4660 4755 7604 864 
1 3 864 1463 5014 
1 4 3653 7454 789 6991 
1 5 10472 12376 7470 6935 864
1 4 864 12318 7530 12387 
1 4 10837 7969 10523 2071 
1 3 2071 9816 12773 
1 4 12773 829 12855 2097 
1 4 12773 5050 10774 78 
1 2 2065 5050
1 3 78 12726 2089 
1 2 2089 5005
1 3 4951 10744 8001 
1 3 2013 12413 4951 
1 4 2013 901 1938 10106 
1 5 11853 9954 11797 9860 7620
1 4 11853 9858 10497 12387 
1 4 7620 11759 4512 12387 
1 4 12387 1549 10804 10106 
1 3 10106 3916 5014 
1 4 864 12476 10811 10106 
1 4 5014 6826 10793 2097 
1 4 2097 12046 12839 4951 
1 3 4951 4974 2057 
1 3 2057 5027 12758 
1 9 12758 10892 12813 12727 5081 8118 12740 5049 10760
1 8 10840 1920 5006 10786 2090 10748 7934 12758
1 7 12727 12870 8060 10786 10870 8030 4976
1 5 10840 4924 4976 12894 8118
1 17 12727 7995 10850 8085 2089 12879 5058 2057 10901 4603 11976 4115 1015 10002 11922 9947 4073
1 2 12049 10005
1 2 10002 4161
1 5 1015 7176 1086 7107 1065
1 2 1065 1074
1 2 1086 7151
1 5 4951 1631 4440 4486 4111
1 7 2013 12316 10383 7184 4486 7001 7151
1 4 12473 7671 3942 2013 
1 20 5005 5089 4966 12780 10913 12809 12895 5075 4949 2078 12788 10896 12877 7584 12239 10205 1216 1919 11687
1 6 7584 10852 10737 7916 1995 12788
1 3 5105 5020 4949
1 18 10264 12163 12233 7541 12454 10348 7635 4599 10510 10351 7602 11671 12748 10873 1963 8031 4966
1 16 7243 4581 12471 4488 4618 1576 12465 7618 10414 4482 7560 2000 10806 7990 12739 12809
1 10 12788 8053 12871 10806 1888 8009 10873 12704 12818 10837
1 4 10737 12831 12717 12763 
1 4 7477 1593 12359 7602 
1 4 10348 10485 12324 12465 
1 9 4523 7641 13207 7541 10395 1479 4488 1532 1554